[Variables]
nozzle_expansion_applied_offset = 0.05701041666592329
nozzle_expansion_coefficient = 0.04385416666609484

