[Variables]
nozzle_expansion_applied_offset = 0.04823958333270432
nozzle_expansion_coefficient = 0.04385416666609484

