[Variables]
nozzle_expansion_applied_offset = 0.05087499999988974
nozzle_expansion_coefficient = 0.04624999999989976

