[Variables]
nozzle_expansion_applied_offset = 0.04385416666609484
nozzle_expansion_coefficient = 0.04385416666609484

